23506437 23531233 1
32628031 32821051 2
12230029 12512047 1
32946952 33399509 2
70852352 71047816 1
36224431 36305357 1
85018081 85048500 1
88684221 88836255 1
40691647 40771603 1
42430328 42456253 1
3802157 3846246 17
20806291 21177285 1
63593410 63660245 1
198638456 198757476 1
96754552 96778129 9
67307363 67398724 1
24491253 24770702 2
27098808 27166981 1
21678297 21783606 1
112332346 112362812 3
19941370 19969975 22
114431111 114768061 10
24494106 24528390 22
22206277 22288738 16
32357022 32618878 2
111542217 111716691 1
155749658 155859400 1
184387028 184629019 1
11980180 12015211 1
193012249 193060080 1
36415826 36450451 1
243488232 243851079 1
202724494 202808487 1
45510913 45542732 1
200623895 200669907 1
220148292 220272529 1
11273197 11296049 1
185118100 185157072 1
31296981 31364953 1
100148447 100178273 1
71964394 72013558 10
35930717 36072500 1
43705823 43931165 1
19215659 19251552 1
44905790 44909393 19
10032831 10181239 1
9776775 10304877 11
201539126 201826969 1
32775236 32817380 1
232983434 233295725 1
233614105 233672514 1
183023419 183145592 1
213051232 213274774 1
93448117 93554661 1
9035105 9088478 1
8352396 8848921 1
1921950 2003837 1
15236520 15400283 1
31576484 31587686 1
169105696 169310992 1
167052835 167166479 1
165827613 165911618 1
183636084 183928532 1
150809712 150876708 1
150646229 150697154 1
151070577 151125542 1
222522257 222548104 1
226989864 227318492 1
225810123 225845563 1
35268708 35422058 1
53851794 53959303 8
77282018 77559966 1
222815021 223005995 1
183248236 183418380 1
52142088 52348671 1
120640625 120667324 12
24199557 24364482 1
161039250 161045977 1
45627303 45688113 1
116843401 117098437 11
155308747 155320666 1
9922112 9943407 1
84999146 85133138 1
91260765 91404856 1
217631323 217871696 1
205336060 205357090 1
223701592 223776018 1
235547684 235650754 1
146017467 146036746 1
31409564 31434680 1
29192773 29921586 2
26692721 26733420 2
89633071 89769903 1
36095238 36125222 1
42380791 42424232 1
110519836 110631474 1
224896261 225399292 1
236348256 236502915 1
207321531 207386804 1
99971448 100144236 14
151050970 151070325 1
109062495 109076012 1
117367448 117528872 1
204516378 204558120 1
237042183 237833988 1
169511950 169586588 1
113073197 113132260 1
24010080 24063321 2
36306367 36329340 1
2635975 2801717 1
209528454 209567673 1
27229105 27234352 1
110347115 110443817 1
112956414 113047055 1
725884 778669 1
825137 859446 1
586070 827796 1
180269652 180502954 1
19210354 19240704 1
187070699 187687674 1
30051065 30146606 2
6258347 6341788 2
55329287 56070513 1
365388 522928 1
141473 173862 1
107863472 107989692 4
35992108 36013630 1
89633139 89933250 1
223951393 223992625 1
146472565 146914294 1
222477251 222504622 1
44909374 44914968 19
43650148 43931014 1
192167785 192957713 1
190878144 191151410 1
2768090 2784733 1
30545176 30693984 5
112978609 112999636 1
152743661 152759667 7
244308557 244325179 1
