23506438	23531233	1
32628032	32821051	2
12230030	12512047	1
32946953	33399509	2
70852353	71047816	1
36224432	36305357	1
85018082	85048500	1
88684222	88836255	1
40691648	40771603	1
42430329	42456253	1
3802158	3846246	17
20806292	21177285	1
63593411	63660245	1
198638457	198757476	1
96754553	96778129	9
67307364	67398724	1
24491254	24770702	2
27098809	27166981	1
21678298	21783606	1
112332347	112362812	3
19941371	19969975	22
114431112	114768061	10
24494107	24528390	22
22206278	22288738	16
32357023	32618878	2
111542218	111716691	1
155749659	155859400	1
184387029	184629019	1
11980181	12015211	1
193012250	193060080	1
36415827	36450451	1
243488233	243851079	1
202724495	202808487	1
45510914	45542732	1
200623896	200669907	1
220148293	220272529	1
11273198	11296049	1
185118101	185157072	1
31296982	31364953	1
100148448	100178273	1
71964395	72013558	10
35930718	36072500	1
43705824	43931165	1
19215660	19251552	1
44905791	44909393	19
10032832	10181239	1
9776776	10304877	11
201539127	201826969	1
32775237	32817380	1
232983435	233295725	1
233614106	233672514	1
183023420	183145592	1
213051233	213274774	1
93448118	93554661	1
9035106	9088478	1
8352397	8848921	1
1921951	2003837	1
15236521	15400283	1
31576485	31587686	1
169105697	169310992	1
167052836	167166479	1
165827614	165911618	1
183636085	183928532	1
150809713	150876708	1
150646230	150697154	1
151070578	151125542	1
222522258	222548104	1
226989865	227318492	1
225810124	225845563	1
35268709	35422058	1
53851795	53959303	8
77282019	77559966	1
222815022	223005995	1
183248237	183418380	1
52142089	52348671	1
120640626	120667324	12
24199558	24364482	1
161039251	161045977	1
45627304	45688113	1
116843402	117098437	11
155308748	155320666	1
9922113	9943407	1
84999147	85133138	1
91260766	91404856	1
217631324	217871696	1
205336061	205357090	1
223701593	223776018	1
235547685	235650754	1
146017468	146036746	1
31409565	31434680	1
29192774	29921586	2
26692722	26733420	2
89633072	89769903	1
36095239	36125222	1
42380792	42424232	1
110519837	110631474	1
224896262	225399292	1
236348257	236502915	1
207321532	207386804	1
99971449	100144236	14
151050971	151070325	1
109062496	109076012	1
117367449	117528872	1
204516379	204558120	1
237042184	237833988	1
169511951	169586588	1
113073198	113132260	1
24010081	24063321	2
36306368	36329340	1
2635976	2801717	1
209528455	209567673	1
27229106	27234352	1
110347116	110443817	1
112956415	113047055	1
725885	778669	1
825138	859446	1
586071	827796	1
180269653	180502954	1
19210355	19240704	1
187070700	187687674	1
30051066	30146606	2
6258348	6341788	2
55329288	56070513	1
365389	522928	1
141474	173862	1
107863473	107989692	4
35992109	36013630	1
89633140	89933250	1
223951394	223992625	1
146472566	146914294	1
222477252	222504622	1
44909375	44914968	19
43650149	43931014	1
192167786	192957713	1
190878145	191151410	1
2768091	2784733	1
30545177	30693984	5
112978610	112999636	1
152743662	152759667	7
244308558	244325179	1
